; QuotidianMoon
P 0 0 0 0 0 0 0 0 0 0 0 0 0 0 0 0 0 0 0 0 0 0 0 0 0 0 0 0 0 0 0 0 0 0 0 0 0 0 0 0 0 0 0 0 0 0 0 0 0 0 0 0 0 0 0 0 0 0 0 0 0 0 0 0 0 0 0 0 0 0 0 0 0 0 0 0 0 0 0 0 0 0 0 0 0 0 0 0 0 0 0 0 0 0 0 0 0 0 0 0 0 0 0 0 0 0 0 0 0 0 0 0 0 0 0 0 0 0 0 0 0 0 0 0 0 0 0 0 0 0
P 1 0 0 0 0 0 0 0 0 0 0 0 0 0 0 0 0 0 0 0 0 0 0 0 0 0 0 0 0 0 0 0 0 0 0 0 0 0 0 0 0 0 0 0 0 0 0 0 0 0 0 0 0 0 0 0 0 0 0 0 0 0 0 0 0 0 0 0 0 0 0 0 0 0 0 0 0 0 0 0 0 0 0 0 0 0 0 0 0 0 0 0 0 0 0 0 0 0 0 0 0 0 0 0 0 0 0 0 0 0 0 0 0 0 0 0 0 0 0 0 0 0 0 0 0 0 0 0 0 0
P 2 0 0 0 0 0 0 0 0 0 0 0 0 0 0 0 0 0 0 0 0 0 0 0 0 0 0 0 0 0 0 0 0 0 0 0 0 0 0 0 0 0 0 0 0 0 0 0 0 0 0 0 0 0 0 0 0 0 0 0 0 0 0 0 0 0 0 0 0 0 0 0 0 0 0 0 0 0 0 0 0 0 0 0 0 0 0 0 0 0 0 0 0 0 0 0 0 0 0 0 0 0 0 0 0 0 0 0 0 0 0 0 0 0 0 0 0 0 0 0 0 0 0 0 0 0 0 0 0 0
P 3 0 0 0 0 0 0 0 0 0 0 0 0 0 0 0 0 0 0 0 0 0 0 0 0 0 0 0 0 0 0 0 0 0 0 0 0 0 0 0 0 0 0 0 0 0 0 0 0 0 0 0 0 0 0 0 0 0 0 0 0 0 0 0 0 0 0 0 0 0 0 0 0 0 0 0 0 0 0 0 0 0 0 0 0 0 0 0 0 0 0 0 0 0 0 0 0 0 0 0 0 0 0 0 0 0 0 0 0 0 0 0 0 0 0 0 0 0 0 0 0 0 0 0 0 0 0 0 0 0
P 0 0 0 0 0 0 0 0 192 224 240 248 248 252 252 254 62 14 2 0 0 0 0 0 0 0 0 0 0 0 0 0 0 0 0 0 0 0 0 0 192 224 240 248 248 252 252 254 254 254 254 254 0 0 0 0 0 0 0 0 0 0 0 0 0 0 0 0 0 0 192 224 240 240 248 252 252 252 254 254 254 254 254 252 240 224 128 0 0 0 0 0 0 0 0 0 0 0 0 0 0 0 192 224 240 248 248 252 252 252 254 254 254 254 254 254 254 254 252 252 252 248 248 240 224 192 0 0 0 0
P 3 0 0 0 0 0 0 0 3 7 15 31 31 63 63 127 124 112 64 0 0 0 0 0 0 0 0 0 0 0 0 0 0 0 0 0 0 0 0 0 3 7 15 31 31 63 63 127 127 127 127 127 0 0 0 0 0 0 0 0 0 0 0 0 0 0 0 0 0 0 3 7 15 15 31 63 63 63 127 127 127 127 127 63 15 7 1 0 0 0 0 0 0 0 0 0 0 0 0 0 0 0 3 7 15 31 31 63 63 63 127 127 127 127 127 127 127 127 63 63 63 31 31 15 7 3 0 0 0 0
P 1 0 0 0 0 224 252 255 255 255 255 255 255 255 7 0 0 0 0 0 0 0 0 0 0 0 0 0 0 0 0 0 0 0 0 0 0 224 252 255 255 255 255 255 255 255 255 255 255 255 255 255 0 0 0 0 0 0 0 0 0 0 0 0 0 0 0 224 252 255 255 255 255 255 255 255 255 255 255 255 255 255 255 255 255 255 255 252 0 0 0 0 0 0 0 0 0 0 0 224 254 255 255 255 255 255 255 255 255 255 255 255 255 255 255 255 255 255 255 255 255 255 255 255 255 255 255 254 224 0
P 2 0 0 0 0 7 63 255 255 255 255 255 255 255 224 0 0 0 0 0 0 0 0 0 0 0 0 0 0 0 0 0 0 0 0 0 0 7 63 255 255 255 255 255 255 255 255 255 255 255 255 255 0 0 0 0 0 0 0 0 0 0 0 0 0 0 0 7 63 255 255 255 255 255 255 255 255 255 255 255 255 255 255 255 255 255 255 63 0 0 0 0 0 0 0 0 0 0 0 7 127 255 255 255 255 255 255 255 255 255 255 255 255 255 255 255 255 255 255 255 255 255 255 255 255 255 255 127 7 0
P 0 0 0 0 0 0 0 0 0 0 0 252 252 3 3 195 195 3 3 252 252 0 0 252 252 0 0 0 0 0 0 252 252 0 0 240 240 12 12 12 12 12 12 240 240 0 0 48 48 255 255 48 48 48 48 0 0 0 0 0 0 0 0 243 243 0 0 0 0 0 0 240 240 12 12 12 12 48 48 255 255 0 0 0 0 0 0 243 243 0 0 0 0 0 0 204 204 204 204 204 204 204 204 240 240 0 0 252 252 12 12 12 12 12 12 240 240 0 0 0 0 0 0 0 0 0 0 0 0
P 1 0 0 0 0 0 0 0 0 0 0 3 3 12 12 12 12 15 15 15 15 0 0 3 3 12 12 12 12 12 12 15 15 0 0 3 3 12 12 12 12 12 12 3 3 0 0 0 0 3 3 12 12 12 12 12 12 0 0 0 0 0 0 15 15 0 0 0 0 0 0 3 3 12 12 12 12 12 12 15 15 0 0 0 0 0 0 15 15 0 0 0 0 0 0 3 3 12 12 12 12 12 12 15 15 0 0 15 15 0 0 0 0 0 0 15 15 0 0 0 0 0 0 0 0 0 0 0 0
P 2 0 0 0 0 0 0 0 0 0 0 0 0 0 0 0 0 0 0 0 0 0 0 0 0 0 0 0 0 0 0 0 0 0 0 0 0 0 0 0 0 255 255 3 3 255 255 3 3 255 255 0 0 240 240 12 12 12 12 12 12 240 240 0 0 240 240 12 12 12 12 12 12 240 240 0 0 252 252 12 12 12 12 12 12 240 240 0 0 0 0 0 0 0 0 0 0 0 0 0 0 0 0 0 0 0 0 0 0 0 0 0 0 0 0 0 0 0 0 0 0 0 0 0 0 0 0 0 0
P 3 0 0 0 0 0 0 0 0 0 0 0 0 0 0 0 0 0 0 0 0 0 0 0 0 0 0 0 0 0 0 0 0 0 0 0 0 0 0 0 0 15 15 0 0 15 15 0 0 15 15 0 0 3 3 12 12 12 12 12 12 3 3 0 0 3 3 12 12 12 12 12 12 3 3 0 0 15 15 0 0 0 0 0 0 15 15 0 0 0 0 0 0 0 0 0 0 0 0 0 0 0 0 0 0 0 0 0 0 0 0 0 0 0 0 0 0 0 0 0 0 0 0 0 0 0 0 0 0
